
accus     1016      [30431, 668, 123, 28, 2, 2, 0, 0, 0, 0, 0, 0, 0, 0, 0, 0]
alli      1030      [30639, 426, 91, 43, 25, 14, 8, 2, 1, 2, 1, 0, 1, 1, 0, 0]
attract   1003      [30416, 706, 104, 24, 3, 1, 0, 0, 0, 0, 0, 0, 0, 0, 0, 0]
care      1015      [30549, 567, 81, 23, 14, 8, 5, 2, 2, 0, 0, 0, 0, 0, 1, 0]
caus      1022      [30362, 789, 82, 17, 3, 0, 1, 0, 0, 0, 0, 0, 0, 0, 0, 0]
contain   1000      [30858, 253, 60, 24, 7, 12, 5, 3, 5, 4, 4, 2, 3, 3, 0, 2]
cruis     1020      [30573, 463, 150, 37, 19, 9, 0, 2, 0, 0, 0, 1, 0, 0, 0, 0]
david     1025      [30366, 805, 58, 16, 6, 0, 0, 0, 0, 0, 1, 2, 0, 0, 0, 0]
digest    1007      [30252, 997, 5, 0, 0, 0, 0, 0, 0, 0, 0, 0, 0, 0, 0, 0]
egypt     1030      [30861, 161, 101, 46, 19, 25, 11, 17, 3, 3, 2, 1, 0, 0, 2, 0]
fair      1019      [30480, 626, 93, 31, 15, 6, 2, 0, 0, 0, 0, 0, 1, 0, 0, 0]
flat      1022      [30521, 572, 109, 27, 7, 4, 8, 1, 0, 4, 0, 0, 1, 0, 0, 0]
generat   1023      [30436, 698, 76, 27, 9, 5, 2, 0, 0, 0, 0, 0, 0, 0, 0, 0]
harvest   1023      [30803, 238, 82, 51, 29, 14, 17, 8, 3, 5, 1, 1, 0, 1, 0, 0]
introduc  1035      [30464, 631, 101, 41, 9, 6, 1, 1, 0, 0, 0, 0, 0, 0, 0, 0]
lift      1004      [30479, 624, 95, 42, 7, 6, 1, 0, 0, 0, 0, 0, 0, 0, 0, 0]
night     1026      [30424, 698, 96, 21, 7, 6, 0, 1, 1, 0, 0, 0, 0, 0, 0, 0]
publ      1000      [30429, 702, 91, 18, 10, 2, 2, 0, 0, 0, 0, 0, 0, 0, 0, 0]
regist    1016      [30455, 668, 88, 22, 11, 5, 2, 1, 0, 2, 0, 0, 0, 0, 0, 0]
replac    1000      [30405, 745, 84, 8, 3, 5, 3, 0, 1, 0, 0, 0, 0, 0, 0, 0]
tour      1018      [30651, 395, 117, 42, 21, 14, 4, 7, 1, 0, 0, 0, 0, 0, 2, 0]
transact  1034      [30559, 508, 109, 45, 19, 4, 5, 0, 2, 2, 0, 0, 0, 1, 0, 0]
valu      1025      [30408, 708, 110, 20, 5, 1, 2, 0, 0, 0, 0, 0, 0, 0, 0, 0]
weight    1020      [30512, 596, 82, 34, 13, 7, 7, 1, 0, 1, 0, 0, 0, 1, 0, 0]
